00
01
02
03
04
05
06
07
08
09
0A
0B
0C
0D
0E
0F
00
10
20
30
40
50
60
70
80
90
A0
B0
C0
D0
E0
F0
00
00
00
00
00
00
00
00
00
00
00
00
00
00
00
00
00
00
00
00
00
00
00
00
00
00
00
00
00
00
00
00
4F
3B
00
00
00
00
00
00
00
00
00
00
00
00
00
00
00
80
40
20
10
A0
60
90
50
00
00
00
00
01
00
00
20
00
10
40
00
80
01
02
04
08
01
00
00
00
00
00
00
34
6A
9F
00
27
4F
77
00
00
00
00
00
00
00
00
00
00
00
00
00
00
00
00
00
00
00
00
00
00
00
00
00
00
00
00
00
00
00
00
00
00
00
00
00
00
00
00
00
00
00
00
00
00
00
00
00
00
00
00
00
00
00
00
00
00
00
00
00
00
00
00
00
00
00
00
00
00
00
00
00
00
00
00
00
00
00
00
00
00
00
00
00
00
00
00
00
00
00
00
00
00
00
00
00
00
00
00
00
00
00
00
00
00
00
00
00
00
00
00
00
00
00
00
00
00
00
00
00
00
00
00
00
00
00
00
00
00
00
00
00
00
00
00
